1101011101101111110111010111111111010011000001010111111011001111101110111011110111111000000000000000111001001001001101
0111110110100110101011101001001101111101001100001111011111111110111111111111111101001011100001101001111111111111110100
0111011111011011101011111110101111110111010101110011111010111000011101010101110100111010101010101110110101010111011111
0111111111010111101010101111111111111111011101011111111110111010111101110111011111011111101010101010110101111111110101
0001101100111001111011111011110111011111001100010111110111110100111111111111111001011111111111111111111111111111111101
1001111100111110110100111010011101100111110011111011111111111111111111111111111111111111110111111011111111111111111111
1110011101110101101111111111100101101111111011011111111111101111011111111110111111111101111101111001111011111111110011
1111101011101010111110001101111111111101000111110110110100111111110101111000011111111111111101110110110111100001101101
1111110001111010111110110110001111111010101111111111110110010111111111111110111001011111101011011111111110111011111111
0001010100101111111101011111001011000101010011101110110111011101011111111110111111111010010100101010110111111011111011
1011101011100010111111111111011111101110101001110111111111111111111111111111111111111101100011010111101100000100100110
1011111011010100111111011001110001101111101101011010111101111111111111111111111111111110010010001000110000010000000000
0100010101011100110010000100001111011011010101110011101011010101011110011111111011111100110101011000011101111111101111
0100010001011001101011011000000001110000001011011111011111111011110111111111111111111101010101110111011111111111011111
0111111010101101101111111101000011001111100010101110100000110101110111111111111100111100000010101011011111111111111111
0001001101110111111011011001101111001100001111010111110110000100110110101111101110111111100111110100011101111111011011
0001010110110100100100100000101011101110011001101110101000110111001111001111001111111111110111010111111101111110111110
1101000001110001111010101011010111001110100110101110100001101100001111111010111111111101011110000000111111111111110101
1001111111101111111110111011111011001101110001011011101101111101100111011011111011011011001110001001111101111110100111
0000011000100110101001100001001101111001001111111110101100011000100111111111111111111111110001101101111011111111111111
1111111111011010111111011110001101010110101001000111101101111010110111011011110101111101111011111101111100011101101110
0100011000101111101110010111011011100000010011110111111100010101101111111011111111011100011110010111010011110111110011
1111010101001000111111111111111111111111111111111111110111111011111011011111101010100000110001001101000011010001000000
1101010110101110111111111100010001111110111101100111111111101011000101111111111111111111101101111011100000000000000000
0001010101000001101001010101001111111111111111010011111111111111111111111111111111111111111111111111111111111011011011
0100100001011101101111011011101111110100000100010000000000010101101000000000000000000000000000000000000000000000000000
0011110010101111111111000111101101111111111010010111101111111111111111111111111111111110111111101010110100000010000001
1001010100111111101000111001010011011000110001110111011101011101111110111101111111111000001101001111110001101100001011
0010101100101101110011000000001101100000001100101111000100001111111110111111111111111111111111111111111111111111111111
1011110111000011110001000010001011010111010110111110000100101001101111011101011110111011000111011111111011011011111111
0101010111100011111111110111001111111111110100010011111010001000000100000000000000000000000000000000000000000000000000
1111111110100111111111110101001111011011101010001010010010111111110110011111111111011111110110111100101110111111110001
