1101011101101111101110101111111101001100000101011111011001111101101110111101111100000000000000011001001001001101
0111110110100110010111010010011011110100110000111011111111110111111111111111010001110000110100111111111111110100
0111011111011011010111111101011111011101010111001111010111000011010101011101001101010101010111010101010111011111
0111111111010111010101011111111111111101110101111111110111010111011101110111110111110101010101010101111111110101
0001101100111001110111110111101101111100110001011110111110100111111111111110010111111111111111111111111111111101
1001111100111110101001110100111010011111001111101111111111111111111111111111111111111011111101111111111111111111
1110011101110101011111111111001010111111101101111111111101111011111111101111111110111110111100111011111111110011
1111101011101010111100011011111111110100011111010110100111111110011110000111111111111110111011010111100001101101
1111110001111010111101101100011111101010111111111110110010111111111111101110010111110101101111111110111011111111
0001010100101111111010111110010100010101001110110110111011101011111111101111111101001010010101010111111011111011
1011101011100010111111111110111110111010100111011111111111111111111111111111111110110001101011111100000100100110
1011111011010100111110110011100010111110110101100111101111111111111111111111111111001001000100010000010000000000
0100010101011100100100001000011101101101010111001101011010101011100111111110111110011010101100001101111111101111
0100010001011001010110110000000011000000101101111011111111011110111111111111111110101010111011101111111111011111
0111111010101101011111111010000100111110001010110100000110101110111111111111001110000001010101101111111111111111
0001001101110111110110110011011100110000111101011110110000100110101011111011101111110011111010001101111111011011
0001010110110100001001000001010110111001100110110101000110111001110011110011111111111011101011111101111110111110
1101000001110001110101010110101100111010011010110100001101100001111110101111111110101111000000011111111111110101
1001111111101111111101110111110100110111000101101101101111101100110110111110110101100111000100111101111110100111
0000011000100110010011000010011011100100111111110101100011000100111111111111111111111000110110111011111111111111
1111111111011010111110111100011001011010100100011101101111010110110110111101011110111101111110111100011101101110
0100011000101111011100101110110110000001001111011111100010101101111110111111110110001111001011100011110111110011
0111010101001000001111010111010111010001000010001011111100111100101011111111111111100111111001011100101110111111
0101000010101110010011101000100010001000000010010110011001011000011111111111100101100001110101110111011101111111
0001010101000000000010100010011111010101011001000010101010110011011111111111011101101010101101110011111111110111
0100100001011101011110110111011111010000010001001110001111111101111100111111111111100010111011001010101011101111
0011110010101110101010001111011000001001101001010000100011100111111110111111011100100101101010111111111101011111
1001010100101010010001110010100001100011000111001011101011001001101111011111111010111110111111011110111011111110
0010101100101100100110000000011010000000110010101000100001110111000011001111010110100111111111101111111111011011
1011110111000010100010000100010001011101011011010000100101001101110111010111101101100011101111011111111011111111
0101010111100011011111101110011111000000010001000111111001000100111111101111011111101011000101001111111111110111
0111011010100111110101001010011101101010101000100010010111111110000111111111110111111011011110011111111111110101
1010000010010011111000001110000110110010100101011111011101101110111101011011111101110101011111111111010111111111
1111001110000010000110001111010110100001100000100100100011111101111011111101110100010110111011111010111001111111
0011111001000000000110000000100111010111101011010010100000001101111110101010110100010001010010011101101010101001
0000110110000110111001011000100000001001011110111111101001100001111110100111001100001100011000011110100101111011
1010111100000010111100111000111010101001000100011110100110011110111110111111111111101101100110101110010011111111
0001011110101010101111101011111100111110000010100010110010001111101111000010111110000100000011110011111010111111
1011011110110111110101000110001101001110001000011110001000100100110111100011111100111011110000101111110111111111
0011000110110101110000111111010101010101000011101010100110100100111111000011110010101011110011111111111011111111
1111111111101111111001100011000100100000000010011010010111000110111001111110111100011001101110001111111111111111
1110011110111010010011011001110101000101000111000100010111111000110111011110101100100110101011001111101111101111
1111101000111001011100010010110001000100010000010110111110001001011111111011111010000100101000001111111100110110
1101001011111101111100101110000010111100111101011101111011110101110111011110000101111111000111111111110111001010
1111110000111111111100100000111000110010101011100011000100101110111100010010111001000100011100111110111101011101
1011111111111001100101110111110100010000000001100001001000100001101101110111111101011100110010101111111111111111
0111010000100111011010010100001110010010010000000100100001000001011011011110101100010010000101100111111111111111
1111010001101011111111010101011001011111010000000111111101000001011111111100001111100111111111101011101001110111
1111010011001101111110111100010110101110101011111001101110001101100110111100010011010010100001100111101100001111
0110111011111111111011000001101101011110010110010110111011110111010110011011001101000001101101101011001111100011
1111100010011010110111000011110101101000100000011010110010010001000110001000001100001010000010111011010000110110
0101110111011010011111001100010010011111100110111111111101111111010110000010000001011000101010011111001111111111
1111001110011111011000001010011110001100101010010110100000001111011101110101010101010010000101011111111111111111
0100011011110110111111100111011101010111101110111011011011101110110100110110011010100010011001100101111011111111
1111111010111100111101101010111001011111111000001001110000010010110101000111001011110100000001011010100100101000
1111001011111011000000000111111111011111110011101101111101111110111111110111110000100001011111011111111101110101
0000110001100101001110100010101110100001111011111000100110101111100000001010111100001001001010111000101110101111
1011011111111110110101011111110010101000011010011011111101111101110111011111111010001010011111101011111100111111
1111110110110111010011000010111100101100001001100010110000100111001011101110011110110111001111101101100111011011
1100111111110011111010101100000100101111100001011100111111010001111001101000000101010110100101011111110101000000
1100000001111010000111101001101111100000001010011010000000101001111000010011100110100010010010101001110010000111
0111011100101110010000111111111100000110111110001111010111101110010001010100010000000001000100001111011111111101
0110001111111010000101001111101101111101110010101110100001011000111101111101101011101001011101101111110110111111
0000110111011111000111110100100111111010100011100010101000101000111011010101100111100101110001101110111101011111
