1010000010010011111100000111000011101100101001010111111011101101110111110101101111111011101010111111111111010111111111
1111001110000010100011000111101011101000011000001010100100011111101111101111110111011000101101110111111010111001111111
0011111001000000100011000000010011110101111010110110010100000001101111111010101011011000100010100100111101101010101001
0000110110000110111100101100010001000010010111101111111101001100001111111010011100111000011000110000111110100101111011
1010111100000010111110011100011101101010010001000111110100110011110111111011111111111111011011001101011110010011111111
0001011110101010110111110101111111001111100000101010010110010001111110111100001011111100001000000111110011111010111111
1011011110110111111010100011000111010011100010000111110001000100100111011110001111111001110111100001011111110111111111
0011000110110101111000011111101011010101010000111011010100110100100111111100001111001101010111100111111111111011111111

1100111011101111111111111111111111001000000000100111110000111000110111100111111011111000000001001100110010011000000000

1001111001111111111111111111111111010011110101110111111010111111000111011101111010111001001101010110011111101111101111

1000010000111011111111111111111111111011011111011111111111110011001111111111101111101100000100000100011111100100000001

1111101011111101111110110111110011101111001111010111101111001110101111010000010000011000000000000000011010010000000000

1111110000111111111111111111111111110111010101100111100111000000000000000000000000000000110101000000000000000000000011

1011111111111001111010111011111011000100000000011010000000000100001110000000000000001000000000000000011000100000000000

1110101111111111111111110101111110011011111011111101011011110101100010010000000101000111011111101110100000000000000000

1111010001101011111111001010101100000000000000000000000000000000001000000001100000000000000000000000000010100000000000

1111111111001101111111111111111111111111101110111111111111110001101101010001111110110001000000000000000000000000000000

0110111011111111111101100000110111010111100101100110110111011110111100011001101100110000000000000010000010000000000000

1111100010011011111011100001111011011010001000000111010110010010001100011000100000111000010100000101111011010000110110

1101110111011010111111100110001001111111111001101111111111101111111101011000001000001010100000010000011100001001000001

1111111111111111111111111111111111111111111111000111001011111110000110001000101010100100001010000000000000000000000000

1111111111110110111111110111101111111111111011101111011111011101110111010011011001001100000000100001010000000000000000

1111111111111111101101101111110010101010001001110100110001111101101000101111100111010010111111111101101111011111010111

1111001011111111010010000011111111000101111100111000000000000000110000000000000000000000000000000000000000000000000000

1111111111111111111111111111111111111111111101000100111011001010000001111111110100110111111101101011000111010011011010

1011011111111111111010101111111011001010000110101100001000000001101000000000000000000000000000000000000000000000000001

1100111101101001010110011110100100110101111101111101101001111011010011110011000110010011111011100000100110011011100100

1111111111110011111101110111000011101011111100010111101111111010001111111110110110111100010000000000011000000000000000

1111111111111111111111111111111111111111111111111111101111111110111000011111111111100111111011111111100110001111111111

0111011100111111101000011111111111101011101111100111111010110101111100000001100000001000000000000000010000000000000001

1111111111111111111111111111111011111100110011011100001111110110111010111010101111110111111101110111100000101001000011

0101110111011111101011111010010011111110111000111011010101000101000011100000010110010000000000000000000000000000001000
