1111111111111111 1111101011110111011000111010011110011010101101110001010001010100011100010101111110010010111110001111101110110000
1111111111111111 1111110110111111011011101001011101011011111011110001101000010111010100111011111011011111001010000101111111000110
1111111111111111 1011111111101111000010001000000000100010101000100111011110101111000111110110000011111111110000100111010011101110
1111111111111111 1110000100111001010100100100010110011100100001111001010000000101100101000000011111011001011110000101111000000011
1111111111111111 0000001010111111101010010110101010000001011001111000101111110011101000011111010010000011010101111100111111110011
1111111111111111 1101101110011011011111001110110111100111011101001110010000110100011001000011010011110100001100101110110110111111
1111111111111111 1111110011111101011111100101000101111111101110111011111011111101100101100001010100111111101010110111111111101101
1111111111111111 1111010111010001110101001001000011110101000000011111010110010001111101111000010111010100010111001010011000110000
1111111111111111 1010111011111111101111101000010000111110111111110111111011111011011100111111101111111110000000001101111101001111
1111111111111111 0001010010010101101000000010111101001110001010110100100000111001000001111111101001110101011011110011110101111111
1111111111111111 1111111101111010011001100100010101100110110010110111011101101101110111011110101011101110011111110110111101100010
1111111111111111 1111111111111111101010000100101010101010111011101111000000010110100101010011000111100101000001101111100111001111
1111111111111111 1111111111001111100101010001101000000100000110101111111011111111110110011111100100100011001111100101101110111010
1111111111111111 0110110000101101110100000101000011000001000110001000100100110101100000010001011010111100001110110101100100011111
1111111111111111 1100011111001101011011011000001011001101100110101110111101110110100110100111101011011000001101111111111101110110
1111111111111111 1111000011011110011000010100101100100011110110011011000111011001111101010111010110100011110111111011001100101111
1111111111111111 1110111001011101011111111110011111000011111111101000001011111110000000101111101001101010101111111101011000101111
1111111111111111 1111111111111110011010000100100011010111101101101000001000010010000000100100100111000010100101101110010000101110
1111111111111111 1111111111111111010100110011101011111110111011011000010001001000011000000000100010111110111010011001111111111101
1111111111111111 1011101011110111110011100010001001110100100011110111010010001100011101010100110001110000010011111111110000111111
1111111111111111 0101001110111111111110001111111010000111101110111010111101111011101011110011110100000111010011111011111101001011
1111111111111111 0110110011111111000001010010000101111101111111101001000111110110100000100010001000110100100011101001110001011111
1111111111111111 1111011111011111001101010110010011010111101110110001111110100010001110001010001010111001101100100101110111100111
1111111111111111 1111111111111111000111011001100011110111111001110110001110100101100100000000010010001100011001111111011111111111
1111111111111111 1111111101111111111100111101010100111100001111110010010110010101011100001010101010101111110000111010110110001100
1111111111111111 1111111110111111010000111101110011111100011110110010010001000111100001000111001011000110001010111110110111101101
1111111111111111 1111110101111100111100000010000111110100001111011111000100110100010100000111110011111101011111010101010111101000
1111111111111111 1111111100100111010110011011011111111111110111110111100110010111100010001001010101110001110011110100000011110101
1111111111111111 1101111010010111100001100011000011001110010111111000011001011111110111101001000000010001101001110110000110110000
1111111111111111 1001010101011011100100101000100010110101010111111011000000010100101101011110101110010000000110000000001001111100
1111111111111111 1111111001110101111101110110100010111011111101111011111100010010010000011000010110101111000110000100000111001111
1111111111111111 1111111110101111111111101010111011111101101011110111011011101111101010010100110110000111000001111100100100000101
1111111111111111 1010111111111111100111101101111110111111111110000111111110100100010001010101011011100101001010111110010101101110
1111111111111111 1110111111111111001010001101011111101111011111110010001001111110001000100000001111100111011111101100011110101010
1111111111111111 1111111101111111101111011100011011011110101110111011001010010000101101101011101000100010000100010100001110111101
1111111111111111 1101101111111111011111111110010110101111001100001110111000010001010100110000000101100000000110010011010011010100
1111111111111111 0111111101110111101111110111110101111111101111011001001101011101001110001100011000010100111000100101010010101001
1111111111111111 1111101011111111110101011010010011101111110111111110011100010000101001011001000001101111000101010111010100111100
1111111111111111 1111011101010101001101110100011111111111110011111011111111000111001000100000101111101110110111101011101000010010
1111111111111111 1110111111111100111011010101011011101111111111101100110101010100001001101010101111100100010100000000001010101000
1111111111111111 1111111011101110111010111000011010011111111111100001101001100110100100000001000100010001011100100111010100001010
1111111111111111 1111110111010011101001111110011111111111111101010011110011111101000100001000101110101110101111000001001010101110
1111111111111111 1100111110111100011101001111000110111111110111111011010100011111101111001000000110110111010011101111010001100010
1111111111111111 0111011011100011110111111011110111101011110110110110101111011011100010010101101001100011110111110101101111111111
1111111111111111 1111111111111101110110110001111111111111111111110010001100011010111111110010011101100100001100100110010001100000
1111111111111111 1110010111111011110010001110011010110111110110110011011111011011011010001110110010111110111011111111011111111001
1111111111111111 1010111111111111100000001111010111111111010111111000011011000010110101100101110011010110101010111000111000001011
1111111111111111 0111110111111011111101011101111111111100111100111001110110001010110110011001110110101000001001000010110110101000
1111111111111111 1101101111111011000101111100111111011101111101010110010000110111101011110000110011101100110110111110111011001000
1111111111111111 1111111111111111011010101000000111001111111111110111010110000010110101000111110010000101111111101011010101111110
1111111111111111 1111101111111111011101110101010111111111111111110111101111111101111011010000001100000000110110101001101000100010
1111111111111111 1111011111111011000011010101100111110111111110011101010101101011001110101011011011100001000010010011101010100010
1111111111111111 0000000000100000100010001001001111111111111111111111111111011110011010110111110100011100110111110010101101111101
1111111111111111 0110010010000011111101011000110111111111111111111111111111111111101110010101110111110111111111110100011101011101
1111111111111111 1101111101111110101010100101001011111111011111111101011101110110110111001010100010100111110101111111010010101000
1111111111111111 1111111101110111111111011010111110100111011111111111110100110111111111110101011111100011011011110101111000111111
1111111111111111 1011011000011110101101110111111111111110000111100111111110010110101111100010111111111101100011110101011101011111
1111111111111111 1100111111111101110011110111110111111111011111111101111011111111111011011111110101001111111111101010111011100111
1111111111111111 1111111111111111111011111101111111111111111111111111111111111111011111001111100101110010111001010111110011111001
1111111111111111 1011111111111111111111111111111110100111111111111110010111110111101000110011111011011110111110111001110011011000
1111111111111111 1010111111111010101010101010111110111110111011101110101110111111111010111011111111111111101010101110101111111110
1111111111111111 1111101110101010101110101010101011001011101010101100001110101111001110101011101111101011111110101101101111101110
1111111111111111 0010111111111111110010110000111000101111111111111110111111111101110000110010111101100100101110100110010110111110
1111111111111111 1011001001001001100000000000000011111011110111011011111001101111101010000011001011111111010111011111011011101011
