1101011101101111101110101111111101001100000101011111011001111101101110111101111100000000000000011001001001001101 0110110110110111011011011011011101101101101101110110110110111111011011011011011110010010010010000110110110110111
0111110110100110010111010010011011110100110000111011111111110111111111111111010001110000110100111111111111110100 1111011011010011101101101101101111110110110110111111011011011111101101101101101101001001001001001011011011011011
0111011111011011010111111101011111011101010111001111010111000011010101011101001101010101010111010101010111011111 0101010101001000010101010111110101010101011111011111111101111111111111110110110100000000100100100101010101101101
0111111111010111010101011111111111111101110101111111110111010111011101110111110111110101010101010101111111110101 1111111111110101111111111111010111111111111101011111111111111111111111111111111100000000000000001111111111110101
0001101100111001110111110111101101111100110001011110111110100111111111111110010111111111111111111111111111111101 1011111111111111111111111111111111111111111111111111111111111111111111111111111100000000000000001111111111111111
1001111100111110101001110100111010011111001111101111111111111111111111111111111111111011111101111111111111111111 1110111111111111111111111111111111111111111111111111111111111111111111111111111100000000000000001111111111111111
1110011101110101011111111111001010111111101101111111111101111011111111101111111110111110111100111011111111110011 1011110111110011101111111111001110111111111100111111111111111111111111111111111100000000000000001011111111110011
1111101011101010111100011011111111110100011111010110100111111110011110000111111111111110111011010111100001101101 0111000111101101011110011110110101111001111011011111111111111111111111111111111100000000000000000111100111101101
1111110001111010111101101100011111101010111111111110110010111111111111101110010111110101101111111110111011111111 0001100111011111000001001111111100001100011111110001000111011111000011110101111111100110011000001110111011111111
0001010100101111111010111110010100010101001110110110111011101011111111101111111101001010010101010111111011111011 1111011111111110000000100010000000001010000010101101111110110100111001011110101001101010110000010000000000101011
1011101011100010111111111110111110111010100111011111111111111111111111111111111110110001101011111100000100100110 0110001001110111011011010010100111010100000010011101010100111110001010101111101011111111110011011000000000101000
1011111011010100111110110011100010111110110101100111101111111111111111111111111111001001000100010000010000000000 1010111111111111000000000001000100010010010100101011110110011101101000110111101101000001001110000000001001010011
0100010101011100100100001000011101101101010111001101011010101011100111111110111110011010101100001101111111101111 1100110111011101001001100010000100000110001010001110101101010101111101101010101110010010101000110010010000001000
0100010001011001010110110000000011000000101101111011111111011110111111111111111110101010111011101111111111011111 1100110100110101011000000000111011100000110010001101011111111001111111111110111011111011110011100100000011001000
0111111010101101011111111010000100111110001010110100000110101110111111111111001110000001010101101111111111111111 1000001111111111010000100001110110000001011010111100001111010001000000100011011101111111100100111111111111111101
0001001101110111110110110011011100110000111101011110110000100110101011111011101111110011111010001101111111011011 0000000100100001111100001011010111011100010110101111111101111111111111111111110111011111100110111111110000111111
0001010110110100001001000001010110111001100110110101000110111001110011110011111111111011101011111101111110111110 0100100100010110111111011111111101010110101010001111111111111101111111111111111111010110101011100011111111111001
1101000001110001110101010110101100111010011010110100001101100001111110101111111110101111000000011111111111110101 0101000000000001011100000000101111111111111000011111111111101011111111111001111111010110101011101111111110010100
1001111111101111111101110111110100110111000101101101101111101100110110111110110101100111000100111101111110100111 0111011100110000001111110110100000010111011011111011111110110111011111110110100011010111001000100011111111111000
0000011000100110010011000010011011100100111111110101100011000100111111111111111111111000110110111011111111111111 0100111111110110000111110011011100000100101001011101011110111111101101100011111110101111111111010000011100110111
1111111111011010111110111100011001011010100100011101101111010110110110111101011110111101111110111100011101101110 0110111100010001110010110111001110010001111001001110101001111011110110101111010110000101011011101101101111111000
0100011000101111011100101110110110000001001111011111100010101101111110111111110110001111001011100011110111110011 0001001000110011111011100110010110010100000010010110101111110100110010110110110000110101100000101000000000101101
0111010101001000001111010111010111010001000010001011111100111100101011111111111111100111111001011100101110111111 0100011111010111001101011111110010001000101000101111010100001111100101010100110011001010101101001001010111000111
0101000010101110010011101000100010001000000010010110011001011000011111111111100101100001110101110111011101111111 1000111010000000111011001101110001100011011000001000110110011110111111111111100101110111011001110101000100101010
0001010101000000000010100010011111010101011001000010101010110011011111111111011101101010101101110011111111110111 1101010101000000101010101011101100100000100111001111010101110010101000001011010000101010100100110000000000001100
0100100001011101011110110111011111010000010001001110001111111101111100111111111111100010111011001010101011101111 0101100101010101111111110111111000100101100010100111101001111101111110011101111010100010011010110110110111001110
0011110010101110101010001111011000001001101001010000100011100111111110111111011100100101101010111111111101011111 0100000010010101010110001011011110110010000101101101111011100010111110111010001111010111010110111111111010010110
1001010100101010010001110010100001100011000111001011101011001001101111011111111010111110111111011110111011111110 1111111000001011010110100000101111011001011010011001001101101110010111100101111110101100110111101100000000001011
0010101100101100100110000000011010000000110010101000100001110111000011001111010110100111111111101111111111011011 1101000001111011111110100011011101000000000100001001111100111111110111001011001100100111110110010100100100000001
1011110111000010100010000100010001011101011011010000100101001101110111010111101101100011101111011111111011111111 1001110100001111001110110000011000100110010100000101101111010110110111110111011001101010111110111000111111010010
0101010111100011011111101110011111000000010001000111111001000100111111101111011111101011000101001111111111110111 0000101011110111010101011101010100000001001001110110011011011000110010101111001010111111010100010110000001111111
0111011010100111110101001010011101101010101000100010010111111110000111111111110111111011011110011111111111110101 0000001001011000000000110100001011111101101110011111111111100011111111110101110011111101010101001111111101101000 
1010000010010011111000001110000110110010100101011111011101101110111101011011111101110101011111111111010111111111 0010010110010000001011111001100010011111111011111111010011111111011101111111111101010101111011110011101011111111
1111001110000010000110001111010110100001100000100100100011111101111011111101110100010110111011111010111001111111 1001000100000100100010111110100011100111011110100011011111110010011011111111110110101100011111011110010011110000
0011111001000000000110000000100111010111101011010010100000001101111110101010110100010001010010011101101010101001 0101100000001001010101101000100111100010011011010001010010010110111011011110010011011010101000001110011111111011
0000110110000110111001011000100000001001011110111111101001100001111110100111001100001100011000011110100101111011 0010110101101001100010011111111101110010010101111110110101111010111110110011101011100001010110110001101110111110
1010111100000010111100111000111010101001000100011110100110011110111110111111111111101101100110101110010011111111 1001100111111111111111011000111001010111010110000101111111100011101111011000011011100100100111000000110011100010
0001011110101010101111101011111100111110000010100010110010001111101111000010111110000100000011110011111010111111 1001110000010100111101010101010001110010101111111001000000011101101110101011101000011000000011111111011111101000
1011011110110111110101000110001101001110001000011110001000100100110111100011111100111011110000101111110111111111 0000011010000011100001111100001100111101011111011011011111111111110111111111111111011101011111110000011111111101
0011000110110101110000111111010101010101000011101010100110100100111111000011110010101011110011111111111011111111 1010101110110000111111101111011001010101011110111111111111111111111111100111111111111110011110111111111111110111
1111111111101111111001100011000100100000000010011010010111000110111001111110111100011001101110001111111111111111 1100011100100100111101111010010111000110110110111111111110101111111001111110111111011111111101111110111110000111
1110011110111010010011011001110101000101000111000100010111111000110111011110101100100110101011001111101111101111 0000110101111000110011011101110110010101101101111111100001101100110110001101111110111010111011111111110111111111
1111101000111001011100010010110001000100010000010110111110001001011111111011111010000100101000001111111100110110 0011101111111011001100010001101001111100110011011111010011110110011110101111111111111111001101101111000000011111
1101001011111101111100101110000010111100111101011101111011110101110111011110000101111111000111111111110111001010 1010001001010101111101001111101111011111100011100111011101000111011100111101011101111101110010101111000111110011
1111110000111111111100100000111000110010101011100011000100101110111100010010111001000100011100111110111101011101 1010101010100101101111010110011010000111110010101110011011111100111010111110110011100101010111011011100001111110
1011111111111001100101110111110100010000000001100001001000100001101101110111111101011100110010101111111111111111 1100001100110111111100111011001110100111111111111111111101111111111101111111011111101111111100111111101100110001
0111010000100111011010010100001110010010010000000100100001000001011011011110101100010010000101100111111111111111 1111111011010001111101101011110111101011011010110110110110111011111011111111111101110101101111111110011111111001
1111010001101011111111010101011001011111010000000111111101000001011111111100001111100111111111101011101001110111 0111111111111001011110001010110111010010010001101111111111101111011110001110111110111010000101111011110010101101
1111010011001101111110111100010110101110101011111001101110001101100110111100010011010010100001100111101100001111 1010100000001000101111011011111100010010010100101111100100001111101110100101101101011001000010101111111011111111
0110111011111111111011000001101101011110010110010110111011110111010110011011001101000001101101101011001111100011 1111000111010011011011010111101111001010101101010111111111111111111011010011111100100010111000111010011111101011
1111100010011010110111000011110101101000100000011010110010010001000110001000001100001010000010111011010000110110 1010110000111101101111010111001001011011111001101111110000011011100111101011011010110100000100001101011111110100
0101110111011010011111001100010010011111100110111111111101111111010110000010000001011000101010011111001111111111 1010101001110100111111101100110101011000101110111111111111111111111110101100110111110011110111111111001011101101
1111001110011111011000001010011110001100101010010110100000001111011101110101010101010010000101011111111111111111 1000110101001010110110111111111101010010101101011111110111111111110110111111111101101001111011111100111111101111
0100011011110110111111100111011101010111101110111011011011101110110100110110011010100010011001100101111011111111 0000110110101010010111111111111110101011010101010000011111111111101011111111111100000010111111111111111011111111
1111111010111100111101101010111001011111111000001001110000010010110101000111001011110100000001011010100100101000 1001111111010101111111111101010111110010101010100011110110000000001111111010101010101000000000001110111101111111
1111001011111011000000000111111111011111110011101101111101111110111111110111110000100001011111011111111101110101 0100010110011001110011110111011010111001011001011100010011011111111111000111011011011101011100011111111001111111
0000110001100101001110100010101110100001111011111000100110101111100000001010111100001001001010111000101110101111 0010001101001101010101111010111110101010101011001000000111110001101010111010001110000000101001011111111110111111
1011011111111110110101011111110010101000011010011011111101111101110111011111111010001010011111101011111100111111 0110100001000001111101000101011111001010111111100111001011101011111101000111111110111101001111011010000000111101
1111110110110111010011000010111100101100001001100010110000100111001011101110011110110111001111101101100111011011 1010011000110100101101100011110101011101111011101111111111111111100111101111111010011001110010111111101111011010
1100111111110011111010101100000100101111100001011100111111010001111001101000000101010110100101011111110101000000 1011111111011111110100111110101111101010100101011111110101000000111100111101010111001001010000001101111111111111
1100000001111010000111101001101111100000001010011010000000101001111000010011100110100010010010101001110010000111 0111111111111100111111111111111011111111111110000111111111111110011111111111110110000000000000111000000000000111
0111011100101110010000111111111100000110111110001111010111101110010001010100010000000001000100001111011111111101 1110101010100001111011111101101001000101010101001011111111111100111011111101010110110101111010001110111111111111
0110001111111010000101001111101101111101110010101110100001011000111101111101101011101001011101101111110110111111 1011110110011111010000100111110111111111101010011111111111111110001111111111110101000000001111001100000001111111
0000110111011111000111110100100111111010100011100010101000101000111011010101100111100101110001101110111101011111 0000101111111101000010000100110011111010101110111111111111111111111110101011110111101101010011101110100001111111
